0 
0.0333333 
0.0666667 
0.1 
0.133333 
0.166667 
0.2 
0.233333 
0.266667 
0.3 
0.333333 
0.366667 
0.4 
0.433333 
0.466667 
0.5 
0.533333 
0.566667 
0.6 
0.633333 
0.666667 
0.7 
0.733334 
0.766667 
0.8 
0.833334 
0.866667 
0.9 
0.933334 
0.966667 
1 
1.03333 
1.06667 
1.1 
1.13333 
1.16667 
1.2 
1.23333 
1.26667 
1.3 
1.33333 
1.36667 
1.4 
1.43333 
1.46667 
1.5 
1.53333 
1.56667 
1.6 
1.63333 
1.66667 
1.7 
1.73333 
1.76667 
1.8 
1.83333 
1.86667 
1.9 
1.93333 
1.96667 
2 
2.03333 
2.06667 
2.1 
2.13333 
2.16667 
2.2 
2.23333 
2.26667 
2.3 
2.33333 
2.36667 
2.4 
2.43333 
2.46667 
2.5 
2.53333 
2.56667 
2.6 
2.63333 
2.66667 
2.7 
2.73333 
2.76667 
2.8 
2.83333 
2.86667 
2.9 
2.93333 
2.96667 
3 
3.03333 
3.06667 
3.1 
3.13333 
3.16667 
3.2 
3.23333 
3.26666 
3.3 
3.33333 
3.36666 
3.4 
3.43333 
3.46666 
3.5 
3.53333 
3.56666 
3.6 
3.63333 
3.66666 
3.7 
3.73333 
3.76666 
3.8 
3.83333 
3.86666 
3.9 
3.93333 
3.96666 
4 
4.03333 
4.06666 
4.1 
4.13333 
4.16666 
4.2 
4.23333 
4.26666 
4.3 
4.33333 
4.36666 
4.4 
4.43333 
4.46666 
4.5 
4.53333 
4.56666 
4.6 
4.63333 
4.66666 
4.7 
4.73333 
4.76666 
4.8 
4.83333 
4.86666 
4.9 
4.93333 
4.96666 
5 
5.03333 
5.06666 
5.1 
5.13333 
5.16666 
5.2 
5.23333 
5.26666 
5.3 
5.33333 
5.36666 
5.4 
5.43333 
5.46666 
5.5 
5.53333 
5.56666 
5.6 
5.63333 
5.66666 
5.7 
5.73333 
5.76666 
5.8 
5.83333 
5.86666 
5.9 
5.93333 
5.96666 
6 
6.03333 
6.06666 
6.1 
6.13333 
6.16666 
6.2 
6.23333 
6.26666 
6.3 
6.33333 
6.36666 
6.4 
6.43333 
6.46666 
6.5 
6.53333 
6.56666 
6.6 
6.63333 
6.66666 
6.7 
6.73333 
6.76666 
6.79999 
6.83333 
6.86666 
6.89999 
6.93333 
6.96666 
6.99999 
7.03333 
7.06666 
7.09999 
7.13333 
7.16666 
7.19999 
7.23333 
7.26666 
7.29999 
7.33333 
7.36666 
7.39999 
7.43333 
7.46666 
7.49999 
7.53333 
7.56666 
7.59999 
7.63333 
7.66666 
7.69999 
7.73333 
7.76666 
7.79999 
7.83333 
7.86666 
7.89999 
7.93333 
7.96666 
7.99999 
8.03333 
8.06666 
8.09999 
8.13333 
8.16666 
8.2 
8.23333 
8.26666 
8.3 
8.33333 
8.36666 
8.4 
8.43333 
8.46667 
8.5 
8.53333 
8.56667 
8.6 
8.63334 
8.66667 
8.7 
8.73334 
8.76667 
8.8 
8.83334 
8.86667 
8.90001 
8.93334 
8.96667 
9.00001 
9.03334 
9.06667 
9.10001 
9.13334 
9.16668 
9.20001 
9.23334 
9.26668 
9.30001 
9.33334 
9.36668 
9.40001 
9.43335 
9.46668 
9.50001 
9.53335 
9.56668 
9.60001 
9.63335 
9.66668 
9.70002 
9.73335 
9.76668 
9.80002 
9.83335 
9.86668 
9.90002 
9.93335 
9.96669 
10 
10.0334 
10.0667 
10.1 
10.1334 
10.1667 
10.2 
10.2334 
10.2667 
10.3 
10.3334 
10.3667 
10.4 
10.4334 
10.4667 
10.5 
10.5334 
10.5667 
10.6 
10.6334 
10.6667 
10.7 
10.7334 
10.7667 
10.8 
10.8334 
10.8667 
10.9 
10.9334 
10.9667 
11 
11.0334 
11.0667 
11.1 
11.1334 
11.1667 
11.2 
11.2334 
11.2667 
11.3 
11.3334 
11.3667 
11.4 
11.4334 
11.4667 
11.5 
11.5334 
11.5667 
11.6 
11.6334 
11.6667 
11.7 
11.7334 
11.7667 
11.8 
11.8334 
11.8667 
11.9 
11.9334 
11.9667 
12 
12.0334 
12.0667 
12.1 
12.1334 
12.1667 
12.2 
12.2334 
12.2667 
12.3001 
12.3334 
12.3667 
12.4001 
12.4334 
12.4667 
12.5001 
12.5334 
12.5667 
12.6001 
12.6334 
12.6667 
12.7001 
12.7334 
12.7667 
12.8001 
12.8334 
12.8667 
12.9001 
12.9334 
12.9667 
13.0001 
13.0334 
13.0667 
13.1001 
13.1334 
13.1667 
13.2001 
13.2334 
13.2667 
13.3001 
13.3334 
13.3667 
13.4001 
13.4334 
13.4667 
13.5001 
13.5334 
13.5667 
13.6001 
13.6334 
13.6667 
13.7001 
13.7334 
13.7667 
13.8001 
13.8334 
13.8667 
13.9001 
13.9334 
13.9667 
14.0001 
14.0334 
14.0667 
14.1001 
14.1334 
14.1667 
14.2001 
14.2334 
14.2667 
14.3001 
14.3334 
14.3667 
14.4001 
14.4334 
14.4667 
14.5001 
14.5334 
14.5667 
14.6001 
14.6334 
14.6667 
14.7001 
14.7334 
14.7668 
14.8001 
14.8334 
14.8668 
14.9001 
14.9334 
14.9668 
15.0001 
15.0334 
15.0668 
15.1001 
15.1334 
15.1668 
15.2001 
15.2334 
15.2668 
15.3001 
15.3334 
15.3668 
15.4001 
15.4334 
15.4668 
15.5001 
15.5334 
15.5668 
15.6001 
15.6334 
15.6668 
15.7001 
15.7334 
15.7668 
15.8001 
15.8334 
15.8668 
15.9001 
15.9334 
15.9668 
16.0001 
16.0334 
16.0668 
16.1001 
16.1334 
16.1668 
16.2001 
16.2334 
16.2668 
16.3001 
16.3334 
16.3668 
16.4001 
16.4334 
16.4668 
16.5001 
16.5334 
16.5668 
16.6001 
16.6334 
16.6668 
16.7001 
16.7334 
16.7668 
16.8001 
16.8334 
16.8668 
16.9001 
16.9334 
16.9668 
17.0001 
17.0334 
17.0667 
17.1001 
17.1334 
17.1667 
17.2001 
17.2334 
17.2667 
17.3001 
17.3334 
17.3667 
17.4001 
17.4334 
17.4667 
17.5001 
17.5334 
17.5667 
17.6001 
17.6334 
17.6667 
17.7001 
17.7334 
17.7667 
17.8001 
17.8334 
17.8667 
17.9001 
17.9334 
17.9667 
18.0001 
18.0334 
18.0667 
18.1001 
18.1334 
18.1667 
18.2001 
18.2334 
18.2667 
18.3001 
18.3334 
18.3667 
18.4001 
18.4334 
18.4667 
18.5001 
18.5334 
18.5667 
18.6001 
18.6334 
18.6667 
18.7001 
18.7334 
18.7667 
18.8001 
18.8334 
18.8667 
18.9001 
18.9334 
18.9667 
19.0001 
19.0334 
19.0667 
19.1001 
19.1334 
19.1667 
19.2001 
19.2334 
19.2667 
19.3 
19.3334 
19.3667 
19.4 
19.4334 
19.4667 
19.5 
19.5334 
19.5667 
19.6 
19.6334 
19.6667 
19.7 
19.7334 
19.7667 
19.8 
19.8334 
19.8667 
19.9 
19.9334 
19.9667 
