1.233330 -0.626775 6.118346 -1.309325 0.002935 0.098630 0.154104 0.983115
1.333330 -0.770041 6.703572 -1.503006 -0.003163 0.100801 0.170259 0.980225
1.433330 -0.927704 7.280861 -1.612359 -0.010207 0.101106 0.186043 0.977272
1.533330 -1.095206 7.850892 -1.624876 -0.016483 0.100741 0.201893 0.974073
1.633330 -1.276001 8.410348 -1.541668 -0.021946 0.099900 0.217616 0.970660
1.733330 -1.469300 8.960766 -1.367905 -0.029167 0.096659 0.233166 0.967181
1.833330 -1.673978 9.501888 -1.126370 -0.035007 0.092514 0.248644 0.963531
1.933330 -1.895144 10.030293 -0.835887 -0.040185 0.087366 0.264383 0.959611
2.033330 -2.128326 10.558392 -0.528877 -0.045446 0.081376 0.279772 0.955531
2.133330 -2.375829 11.078777 -0.231073 -0.048549 0.074836 0.295201 0.951262
2.233330 -2.634944 11.586774 0.031142 -0.052136 0.067025 0.310283 0.946844
2.333330 -2.904085 12.075096 0.226299 -0.054850 0.058844 0.325224 0.942209
2.433330 -3.191145 12.559383 0.334461 -0.056589 0.049543 0.340048 0.937396
2.533330 -3.487973 13.028222 0.351303 -0.057266 0.040015 0.354735 0.932353
2.633330 -3.795447 13.477976 0.267528 -0.056918 0.030506 0.369304 0.927062
2.733330 -4.112587 13.916901 0.099045 -0.056268 0.019925 0.383476 0.921620
2.833330 -4.444355 14.343722 -0.143130 -0.054489 0.009240 0.397722 0.915840
2.933330 -4.783294 14.751817 -0.439128 -0.052468 -0.001123 0.411762 0.909779
3.033330 -5.132369 15.144977 -0.755249 -0.048734 -0.010968 0.425487 0.903585
3.133330 -5.494286 15.524183 -1.061421 -0.044335 -0.020551 0.439422 0.896951
3.233330 -5.863899 15.887586 -1.327361 -0.039770 -0.030171 0.453187 0.890017
3.333330 -6.244941 16.237962 -1.525639 -0.034488 -0.039398 0.466786 0.882819
3.433330 -6.640218 16.584068 -1.632451 -0.028784 -0.048481 0.480339 0.875269
3.533330 -7.041457 16.910209 -1.646341 -0.020996 -0.055911 0.493535 0.867673
3.633330 -7.447998 17.214713 -1.564828 -0.013750 -0.063181 0.506805 0.859632
3.733330 -7.871527 17.512142 -1.388820 -0.007023 -0.070327 0.519883 0.851308
3.833330 -8.302218 17.789361 -1.145310 0.001233 -0.075812 0.533086 0.842657
3.933330 -8.735904 18.043048 -0.852649 0.010043 -0.079865 0.546103 0.833842
4.033330 -9.172344 18.276327 -0.539401 0.018403 -0.082991 0.559055 0.824762
4.133330 -9.618102 18.490865 -0.233839 0.025316 -0.086038 0.572016 0.815325
4.233330 -10.071958 18.684428 0.034604 0.034012 -0.086886 0.584847 0.805759
4.333330 -10.530902 18.862240 0.236648 0.042237 -0.086559 0.597637 0.795961
4.433330 -10.991386 19.021041 0.350716 0.049098 -0.085775 0.610335 0.785954
4.533330 -11.457639 19.151783 0.370739 0.054227 -0.084867 0.622864 0.775820
4.633330 -11.927802 19.270261 0.291975 0.061815 -0.080791 0.635474 0.765391
4.733330 -12.393814 19.362598 0.128914 0.066971 -0.076550 0.647847 0.754950
4.833330 -12.869833 19.438586 -0.110108 0.071185 -0.072122 0.660012 0.744389
4.933330 -13.343081 19.494556 -0.396073 0.075604 -0.065859 0.672141 0.733603
5.033330 -13.822799 19.533968 -0.703824 0.077638 -0.060134 0.683998 0.722844
5.133330 -14.286562 19.544645 -0.998920 0.079751 -0.052291 0.695694 0.711980
5.233330 -14.760479 19.540284 -1.258949 0.080429 -0.044634 0.707058 0.701148
5.333330 -15.241044 19.516280 -1.451892 0.080871 -0.036207 0.718449 0.689913
5.433330 -15.701553 19.468098 -1.565049 0.079854 -0.026705 0.729326 0.678966
5.533330 -16.179500 19.404528 -1.579128 0.076832 -0.018679 0.740243 0.667674
5.633330 -16.654676 19.319703 -1.498137 0.073353 -0.010071 0.750900 0.656252
5.733330 -17.130957 19.213651 -1.326967 0.069036 -0.001443 0.761326 0.644682
5.833330 -17.603173 19.089982 -1.084489 0.063924 0.007255 0.771507 0.632960
5.933330 -18.072626 18.948236 -0.794495 0.058214 0.016104 0.781338 0.621178
6.033330 -18.536433 18.788292 -0.486055 0.051302 0.024381 0.790948 0.609241
6.133330 -19.001054 18.608031 -0.183779 0.043278 0.031477 0.800341 0.597152
6.233330 -19.459520 18.411882 0.076502 0.034009 0.037821 0.809363 0.585102
6.333330 -19.914748 18.197520 0.274301 0.025171 0.044154 0.818282 0.572566
6.433330 -20.345796 17.974382 0.386647 0.016095 0.050458 0.826655 0.560211
6.533330 -20.787330 17.725249 0.407430 0.007020 0.055528 0.834991 0.547410
6.633330 -21.226545 17.455621 0.330952 -0.003061 0.058866 0.843147 0.534442
6.733330 -21.661511 17.167119 0.164924 -0.013622 0.060879 0.851035 0.521390
6.833330 -22.087800 16.860587 -0.073568 -0.022716 0.063577 0.858817 0.507814
6.933330 -22.509293 16.535331 -0.362469 -0.032414 0.064296 0.866302 0.494304
7.033330 -22.922404 16.194422 -0.671250 -0.041368 0.064816 0.873693 0.480363
7.133330 -23.327441 15.836252 -0.969521 -0.049891 0.064273 0.880793 0.466458
7.233330 -23.720195 15.461524 -1.229446 -0.057862 0.063025 0.887760 0.452286
7.333330 -24.095802 15.076046 -1.424608 -0.065484 0.061097 0.894506 0.437993
7.433330 -24.463082 14.673804 -1.533902 -0.072839 0.057436 0.901007 0.423772
7.533330 -24.823645 14.252666 -1.548137 -0.078568 0.054053 0.907483 0.409122
7.633330 -25.174855 13.820687 -1.463199 -0.083535 0.049626 0.913759 0.394467
7.733330 -25.516887 13.375010 -1.289403 -0.088091 0.044173 0.919838 0.379720
7.833330 -25.851577 12.911900 -1.043372 -0.091069 0.038728 0.925881 0.364624
7.933330 -26.172515 12.439455 -0.749100 -0.092824 0.033057 0.931683 0.349654
8.033330 -26.471717 11.963163 -0.442683 -0.093981 0.026950 0.937241 0.334696
8.133330 -26.774672 11.463428 -0.135468 -0.094345 0.019021 0.942577 0.319821
8.233330 -27.066577 10.952674 0.132355 -0.092514 0.012570 0.947942 0.304448
8.333330 -27.345085 10.431670 0.330870 -0.090246 0.005154 0.952937 0.289379
8.433330 -27.610755 9.903125 0.440215 -0.086566 -0.001519 0.957796 0.274100
8.533330 -27.865000 9.362048 0.458994 -0.082137 -0.008816 0.962333 0.259021
8.633340 -28.110032 8.808821 0.377080 -0.076399 -0.015172 0.966677 0.243860
8.733340 -28.341502 8.246117 0.210341 -0.069751 -0.021559 0.970718 0.228859
8.833340 -28.562391 7.674393 -0.034510 -0.062393 -0.027652 0.974464 0.213921
8.933340 -28.768649 7.094776 -0.325357 -0.053534 -0.031771 0.978042 0.198893
9.033340 -28.959827 6.507748 -0.637058 -0.044948 -0.036803 0.981213 0.183974
9.133340 -29.135437 5.913829 -0.941562 -0.035312 -0.040732 0.984157 0.168905
9.233340 -29.296398 5.315120 -1.204132 -0.025050 -0.043040 0.986816 0.153993
9.333340 -29.442293 4.710720 -1.401855 -0.014974 -0.046352 0.989094 0.138995
9.433350 -29.574886 4.099722 -1.516746 -0.004346 -0.048406 0.991108 0.123870
9.533350 -29.693455 3.483058 -1.533849 0.006534 -0.048853 0.992852 0.108700
9.633350 -29.796623 2.864269 -1.453642 0.016965 -0.049243 0.994248 0.093585
9.733350 -29.884327 2.243708 -1.283369 0.027447 -0.048581 0.995360 0.078386
9.833350 -29.958415 1.620167 -1.039799 0.037630 -0.047220 0.996182 0.063054
9.933350 -30.019418 0.990112 -0.746799 0.047548 -0.044913 0.996736 0.047322
10.033400 -30.063390 0.359842 -0.435071 0.056711 -0.041552 0.997017 0.031842
10.133400 -30.093228 -0.268793 -0.132991 0.065389 -0.038691 0.996977 0.016274
10.233400 -30.110732 -0.897359 0.131927 0.073214 -0.033805 0.996743 0.000324
10.333400 -30.112362 -1.523930 0.331635 0.080343 -0.029965 0.996199 -0.015289
10.433400 -30.096622 -2.150703 0.444036 0.086343 -0.023778 0.995491 -0.031249
10.533400 -30.070247 -2.776704 0.462116 0.091302 -0.017727 0.994544 -0.047253
10.633400 -30.025154 -3.402004 0.381800 0.095080 -0.010913 0.993393 -0.063339
10.733400 -29.965659 -4.023477 0.212400 0.098196 -0.004825 0.991972 -0.079536
10.833400 -29.897298 -4.640217 -0.027990 0.099932 0.001504 0.990424 -0.095247
10.933400 -29.810614 -5.250320 -0.319124 0.100552 0.007669 0.988629 -0.111544
11.033400 -29.708213 -5.857751 -0.630776 0.099763 0.014667 0.986691 -0.127567
11.133400 -29.591386 -6.460298 -0.932497 0.097853 0.021207 0.984564 -0.143556
11.233400 -29.461717 -7.056248 -1.195637 0.094842 0.027134 0.982258 -0.159493
11.333400 -29.317885 -7.645817 -1.393530 0.090849 0.032572 0.979747 -0.175446
11.433400 -29.159523 -8.230083 -1.506712 0.085596 0.037842 0.977084 -0.191178
11.533400 -28.984752 -8.806804 -1.523104 0.079111 0.043296 0.974226 -0.206760
11.633400 -28.798932 -9.370780 -1.443878 0.072229 0.046889 0.971134 -0.222447
11.733400 -28.597545 -9.930072 -1.273351 0.063999 0.050912 0.967851 -0.237858
11.833400 -28.386663 -10.476229 -1.031754 0.056018 0.052333 0.964391 -0.253126
11.933400 -28.160093 -11.015310 -0.740646 0.046516 0.054731 0.960689 -0.268175
12.033400 -27.924138 -11.537769 -0.428463 0.037084 0.055429 0.956798 -0.283001
12.133400 -27.673628 -12.050866 -0.125867 0.027102 0.055460 0.952659 -0.297709
12.233400 -27.409779 -12.552865 0.137141 0.016906 0.054687 0.948258 -0.312299
12.333400 -27.133871 -13.044891 0.334112 0.005754 0.054242 0.943502 -0.326846
12.433400 -26.846054 -13.523285 0.447523 -0.003962 0.051095 0.938588 -0.341213
12.533400 -26.547768 -13.987921 0.466638 -0.014159 0.048025 0.933385 -0.355367
12.633400 -26.237129 -14.441324 0.386954 -0.024090 0.043871 0.927869 -0.369533
12.733400 -25.914133 -14.880379 0.217392 -0.033871 0.039361 0.922040 -0.383597
12.833400 -25.580733 -15.306340 -0.025405 -0.042566 0.033402 0.916003 -0.397505
12.933400 -25.236656 -15.716743 -0.316230 -0.051304 0.027615 0.909556 -0.411477
13.033400 -24.882747 -16.111905 -0.627826 -0.060047 0.022366 0.902744 -0.425379
13.133400 -24.518532 -16.495620 -0.930657 -0.065791 0.013756 0.895945 -0.439049
13.233400 -24.143495 -16.859393 -1.191986 -0.072470 0.006979 0.888544 -0.452978
13.333400 -23.762651 -17.206200 -1.387677 -0.077844 -0.000516 0.881032 -0.466607
13.433400 -23.373572 -17.536559 -1.502145 -0.081494 -0.008739 0.873376 -0.480100
13.533400 -22.976739 -17.848841 -1.517858 -0.086008 -0.015220 0.865213 -0.493739
13.633400 -22.573891 -18.147925 -1.438805 0.087735 0.023210 -0.856962 0.507326
13.733400 -22.152071 -18.421149 -1.267711 0.087924 0.031239 -0.848414 0.521045
13.833400 -21.738900 -18.688717 -1.025639 0.087805 0.038626 -0.839799 0.534356
13.933400 -21.323376 -18.939906 -0.736053 0.086164 0.045836 -0.831114 0.547470
14.033400 -20.899380 -19.168297 -0.425582 0.084257 0.052080 -0.822172 0.560554
14.133400 -20.468426 -19.375096 -0.123934 0.081137 0.057607 -0.813004 0.573691
14.233400 -20.034370 -19.566434 0.137375 0.077359 0.062191 -0.803752 0.586626
14.333400 -19.592809 -19.739813 0.332505 0.072458 0.066312 -0.794243 0.599609
14.433400 -19.146252 -19.891890 0.444122 0.066391 0.070017 -0.784741 0.612268
14.533400 -18.691653 -20.027782 0.457092 0.060164 0.072228 -0.774945 0.624999
14.633400 -18.238021 -20.142368 0.374889 0.052077 0.074519 -0.765244 0.637288
14.733400 -17.773790 -20.239991 0.199368 0.044805 0.074911 -0.755023 0.649862
14.833400 -17.314199 -20.316665 -0.045736 0.036443 0.074707 -0.745101 0.661751
14.933400 -16.847978 -20.373731 -0.341439 0.027473 0.073737 -0.734902 0.673593
15.033400 -16.383206 -20.409448 -0.656410 0.018595 0.071569 -0.724672 0.685115
15.133400 -15.914545 -20.426792 -0.961618 0.009584 0.068446 -0.714134 0.696588
15.233400 -15.440030 -20.423600 -1.225015 0.000754 0.064137 -0.703366 0.707928
15.333400 -14.972127 -20.400499 -1.424029 -0.008101 0.059115 -0.692627 0.718824
15.433400 -14.498762 -20.358320 -1.534697 -0.016662 0.053167 -0.681708 0.729500
15.533400 -14.019752 -20.296468 -1.549889 -0.025113 0.046366 -0.670444 0.740084
15.633400 -13.552419 -20.214912 -1.471102 -0.033016 0.039390 -0.659200 0.750209
15.733400 -13.085479 -20.114201 -1.303110 -0.040257 0.031349 -0.647722 0.760166
15.833400 -12.617413 -19.995268 -1.060712 -0.047172 0.023171 -0.636123 0.769796
15.933400 -12.153163 -19.856338 -0.769093 -0.052072 0.013409 -0.624288 0.779342
16.033400 -11.690085 -19.698327 -0.456956 -0.056919 0.003981 -0.612049 0.788759
16.133400 -11.231174 -19.520228 -0.155393 -0.061267 -0.005233 -0.599742 0.797827
16.233400 -10.774568 -19.323155 0.107535 -0.064280 -0.015024 -0.587094 0.806823
16.333400 -10.320107 -19.107652 0.305083 -0.066464 -0.024474 -0.574310 0.815568
16.433400 -9.873114 -18.872229 0.419486 -0.068345 -0.033427 -0.561252 0.824140
16.533400 -9.431790 -18.620437 0.437035 -0.069132 -0.042236 -0.548121 0.832466
16.633400 -8.996814 -18.347657 0.358485 -0.068014 -0.051327 -0.534519 0.840850
16.733400 -8.567656 -18.059208 0.190918 -0.067034 -0.059165 -0.520973 0.848877
16.833400 -8.145236 -17.750535 -0.049079 -0.064766 -0.066518 -0.507284 0.856763
16.933400 -7.731176 -17.429375 -0.340936 -0.061223 -0.073216 -0.493072 0.864738
17.033400 -7.324177 -17.090504 -0.653884 -0.057373 -0.078985 -0.479075 0.872328
17.133400 -6.928868 -16.736473 -0.957438 -0.053336 -0.083436 -0.464932 0.879791
17.233400 -6.540302 -16.365973 -1.221464 -0.048461 -0.086879 -0.450568 0.887182
17.333400 -6.156091 -15.978904 -1.420117 -0.041824 -0.090153 -0.436095 0.894396
17.433400 -5.780878 -15.576297 -1.532946 -0.035707 -0.091884 -0.421483 0.901463
17.533400 -5.420841 -15.163205 -1.552537 -0.028964 -0.092489 -0.407163 0.908199
17.633400 -5.065655 -14.731912 -1.471906 -0.021697 -0.092093 -0.392506 0.914870
17.733400 -4.719225 -14.285423 -1.302872 -0.014435 -0.090498 -0.377761 0.921357
17.833400 -4.383574 -13.827084 -1.063715 -0.007414 -0.087508 -0.363099 0.927602
17.933400 -4.056725 -13.352998 -0.773409 0.000293 -0.083903 -0.348346 0.933603
18.033400 -3.741274 -12.867426 -0.462469 0.008133 -0.079422 -0.333763 0.939270
18.133400 -3.436124 -12.370230 -0.161944 0.014911 -0.073693 -0.318900 0.944802
18.233400 -3.143863 -11.860270 0.099215 0.021167 -0.066803 -0.304237 0.950015
18.333400 -2.863495 -11.338710 0.295058 0.027023 -0.058865 -0.289889 0.954866
18.433400 -2.596421 -10.807768 0.408281 0.032556 -0.050491 -0.275396 0.959452
18.533400 -2.342294 -10.267006 0.424518 0.037778 -0.041611 -0.260643 0.963798
18.633400 -2.102537 -9.717213 0.343999 0.042877 -0.032281 -0.245794 0.967835
18.733400 -1.874049 -9.155220 0.171197 0.045721 -0.022029 -0.231347 0.971547
18.833400 -1.658585 -8.588754 -0.071654 0.048667 -0.011727 -0.216471 0.975005
18.933400 -1.455887 -8.012481 -0.364262 0.050534 -0.000966 -0.201729 0.978136
19.033400 -1.266131 -7.428361 -0.677187 0.051533 0.009672 -0.186718 0.981013
19.133400 -1.091425 -6.836121 -0.979693 0.051944 0.020306 -0.171814 0.983549
19.233400 -0.932379 -6.241331 -1.241893 0.052066 0.030549 -0.156568 0.985821
19.333400 -0.784100 -5.636200 -1.437479 0.049862 0.040741 -0.141424 0.987853
19.433400 -0.648534 -5.025283 -1.552049 0.048496 0.050373 -0.125985 0.989565
19.533400 -0.526830 -4.410525 -1.564799 0.046401 0.059257 -0.110578 0.991014
19.633400 -0.420374 -3.791974 -1.484735 0.042857 0.067653 -0.094844 0.992266
19.733400 -0.328045 -3.169138 -1.314653 0.037445 0.075370 -0.079132 0.993305
19.833400 -0.250311 -2.541111 -1.066625 0.032823 0.082027 -0.063331 0.994074
19.933400 -0.186333 -1.912035 -0.772007 0.027382 0.087755 -0.047464 0.994634
