1.233330 -0.626775 6.118346 -1.309325 0.002935 0.098630 0.154104 0.983115
1.333330 -0.770041 6.703572 -1.503005 -0.003163 0.100801 0.170259 0.980225
1.433330 -0.927689 7.280861 -1.612345 -0.010207 0.101102 0.186044 0.977273
1.533330 -1.095182 7.850879 -1.624707 -0.016492 0.100761 0.201893 0.974071
1.633330 -1.275442 8.410391 -1.541456 -0.021932 0.099816 0.217607 0.970671
1.733330 -1.468717 8.960780 -1.367697 -0.029157 0.096562 0.233155 0.967194
1.833330 -1.673220 9.501870 -1.126046 -0.034997 0.092373 0.248628 0.963549
1.933330 -1.894120 10.030050 -0.835012 -0.040144 0.087150 0.264352 0.959641
2.033330 -2.127453 10.557617 -0.529251 -0.045498 0.081032 0.279750 0.955565
2.133330 -2.375329 11.078138 -0.232136 -0.048639 0.074480 0.295187 0.951289
2.233330 -2.634748 11.586265 0.029571 -0.052247 0.066700 0.310272 0.946865
2.333330 -2.904011 12.074659 0.224537 -0.054967 0.058520 0.325213 0.942226
2.433330 -3.191029 12.558990 0.333943 -0.056624 0.049210 0.340039 0.937414
2.533330 -3.487648 13.027457 0.352263 -0.057215 0.039776 0.354729 0.932369
2.633330 -3.794961 13.477272 0.268586 -0.056871 0.030258 0.369292 0.927078
2.733330 -4.111586 13.915656 0.096426 -0.056409 0.019628 0.383445 0.921630
2.833330 -4.443342 14.342900 -0.148027 -0.054731 0.008989 0.397695 0.915840
2.933330 -4.781905 14.751016 -0.444352 -0.052712 -0.001364 0.411729 0.909779
3.033330 -5.130631 15.144186 -0.760754 -0.048984 -0.011211 0.425452 0.903585
3.133330 -5.492667 15.523414 -1.067187 -0.044587 -0.020814 0.439398 0.896944
3.233330 -5.861847 15.886926 -1.333400 -0.040017 -0.030425 0.453157 0.890012
3.333330 -6.242841 16.237271 -1.531879 -0.034736 -0.039672 0.466760 0.882811
3.433330 -6.637994 16.583422 -1.638538 -0.028989 -0.048777 0.480312 0.875261
3.533330 -7.039832 16.910709 -1.651790 -0.021156 -0.056280 0.493504 0.867663
3.633330 -7.446452 17.215372 -1.570382 -0.013896 -0.063558 0.506778 0.859618
3.733330 -7.870746 17.513380 -1.393868 -0.007062 -0.070772 0.519863 0.851284
3.833330 -8.302449 17.790461 -1.148964 0.001399 -0.076239 0.533067 0.842630
3.933330 -8.735716 18.043071 -0.855480 0.010254 -0.080165 0.546067 0.833834
4.033330 -9.172592 18.276197 -0.542030 0.018608 -0.083307 0.559028 0.824743
4.133330 -9.619982 18.490795 -0.235555 0.025608 -0.086313 0.572012 0.815289
4.233330 -10.074981 18.684339 0.034185 0.034406 -0.087035 0.584842 0.805730
4.333330 -10.532881 18.861989 0.235588 0.042519 -0.086795 0.597622 0.795931
4.433330 -10.993861 19.020733 0.349834 0.049378 -0.086020 0.610329 0.785914
4.533330 -11.460976 19.151646 0.370402 0.054538 -0.085138 0.622870 0.775764
4.633330 -11.931786 19.270174 0.291832 0.062106 -0.081079 0.635494 0.765321
4.733330 -12.399809 19.362710 0.130051 0.067355 -0.077009 0.647896 0.754827
4.833330 -12.875979 19.438179 -0.108419 0.071595 -0.072579 0.660058 0.744265
4.933330 -13.351262 19.495550 -0.394369 0.076009 -0.066350 0.672228 0.733437
5.033330 -13.832032 19.535455 -0.701843 0.078044 -0.060631 0.684096 0.722666
5.133330 -14.289195 19.544636 -0.996723 0.080133 -0.052686 0.695718 0.711885
5.233330 -14.762051 19.540712 -1.257577 0.080778 -0.045051 0.707077 0.701062
5.333330 -15.243723 19.516967 -1.450333 0.081219 -0.036649 0.718490 0.689806
5.433330 -15.704360 19.470408 -1.565910 0.080100 -0.027318 0.729378 0.678856
5.533330 -16.183291 19.407011 -1.579859 0.077073 -0.019307 0.740316 0.667547
5.633330 -16.660286 19.322739 -1.498739 0.073601 -0.010735 0.750986 0.656116
5.733330 -17.138596 19.217061 -1.326850 0.069261 -0.002127 0.761437 0.644525
5.833330 -17.612711 19.093316 -1.084803 0.064176 0.006531 0.771631 0.632791
5.933330 -18.082854 18.950862 -0.796284 0.058446 0.015378 0.781465 0.621015
6.033330 -18.547583 18.790201 -0.488824 0.051517 0.023637 0.791083 0.609077
6.133330 -19.013771 18.609323 -0.186922 0.043480 0.030730 0.800491 0.596975
6.233330 -19.473054 18.412509 0.072215 0.034183 0.037068 0.809522 0.584920
6.333330 -19.929258 18.197557 0.269208 0.025325 0.043392 0.818451 0.572375
6.433330 -20.367495 17.970713 0.381920 0.016396 0.049616 0.826921 0.559886
6.533330 -20.803476 17.723814 0.402671 0.007214 0.054746 0.835189 0.547183
6.633330 -21.244030 17.453505 0.325960 -0.002872 0.058073 0.843360 0.534194
6.733330 -21.675735 17.165019 0.161458 -0.013395 0.060099 0.851211 0.521200
6.833330 -22.092726 16.863937 -0.077453 -0.022593 0.063096 0.858895 0.507748
6.933330 -22.514425 16.538925 -0.366483 -0.032290 0.063823 0.866383 0.494231
7.033330 -22.928121 16.198280 -0.675758 -0.041262 0.064343 0.873781 0.480276
7.133330 -23.333582 15.840210 -0.974207 -0.049778 0.063797 0.880882 0.466368
7.233330 -23.726406 15.465108 -1.235074 -0.057769 0.062585 0.887851 0.452179
7.333330 -24.101118 15.079715 -1.431410 -0.065439 0.060753 0.894580 0.437897
7.433330 -24.469916 14.676920 -1.540915 -0.072792 0.057075 0.901091 0.423650
7.533330 -24.829475 14.255267 -1.556280 -0.078540 0.053731 0.907553 0.409013
7.633330 -25.182173 13.822903 -1.471279 -0.083495 0.049284 0.913840 0.394331
7.733330 -25.524027 13.377238 -1.297844 -0.088074 0.043835 0.919911 0.379585
7.833330 -25.857693 12.913465 -1.053533 -0.091084 0.038420 0.925936 0.364513
7.933330 -26.179774 12.440562 -0.758756 -0.092826 0.032714 0.931743 0.349525
8.033330 -26.478392 11.963306 -0.451707 -0.093968 0.026623 0.937284 0.334605
8.133330 -26.781692 11.462876 -0.144933 -0.094340 0.018698 0.942614 0.319732
8.233330 -27.074084 10.951530 0.122453 -0.092524 0.012241 0.947978 0.304348
8.333330 -27.352804 10.429863 0.320616 -0.090259 0.004835 0.952964 0.289292
8.433330 -27.618469 9.900136 0.431082 -0.086531 -0.001794 0.957822 0.274020
8.533330 -27.873512 9.358014 0.450543 -0.082084 -0.009061 0.962361 0.258924
8.633340 -28.117776 8.805255 0.368213 -0.076349 -0.015419 0.966697 0.243784
8.733340 -28.349792 8.242138 0.201165 -0.069708 -0.021812 0.970737 0.228767
8.833340 -28.570297 7.670477 -0.043701 -0.062332 -0.027910 0.974477 0.213845
8.933340 -28.776641 7.090532 -0.334639 -0.053462 -0.032034 0.978052 0.198821
9.033340 -28.967922 6.503020 -0.646667 -0.044868 -0.037074 0.981221 0.183898
9.133340 -29.143471 5.909016 -0.951287 -0.035220 -0.040994 0.984163 0.168827
9.233340 -29.304814 5.309818 -1.213765 -0.024941 -0.043288 0.986820 0.153918
9.333340 -29.450930 4.705041 -1.411255 -0.014853 -0.046583 0.989095 0.138927
9.433350 -29.582260 4.095800 -1.525960 -0.004256 -0.048574 0.991104 0.123834
9.533350 -29.700081 3.480673 -1.542959 0.006592 -0.048986 0.992846 0.108693
9.633350 -29.803252 2.861779 -1.462892 0.017019 -0.049371 0.994241 0.093580
9.733350 -29.890940 2.241043 -1.292873 0.027496 -0.048705 0.995353 0.078382
9.833350 -29.964956 1.617381 -1.049514 0.037675 -0.047340 0.996175 0.063053
9.933350 -30.025737 0.988032 -0.755924 0.047593 -0.045005 0.996729 0.047342
10.033400 -30.069989 0.357058 -0.444364 0.056755 -0.041651 0.997010 0.031851
10.133400 -30.099874 -0.271879 -0.142379 0.065431 -0.038790 0.996970 0.016285
10.233400 -30.114849 -0.900849 0.119446 0.073242 -0.033924 0.996737 0.000277
10.333400 -30.118340 -1.528955 0.321077 0.080386 -0.030064 0.996192 -0.015332
10.433400 -30.103166 -2.155318 0.434655 0.086411 -0.023869 0.995483 -0.031264
10.533400 -30.076732 -2.781207 0.452823 0.091376 -0.017816 0.994535 -0.047261
10.633400 -30.031796 -3.406871 0.372484 0.095157 -0.011009 0.993383 -0.063351
10.733400 -29.972446 -4.028726 0.203067 0.098273 -0.004910 0.991963 -0.079548
10.833400 -29.903762 -4.645581 -0.037227 0.100025 0.001419 0.990413 -0.095258
10.933400 -29.817009 -5.255515 -0.328106 0.100652 0.007602 0.988619 -0.111552
11.033400 -29.714571 -5.862833 -0.639665 0.099862 0.014615 0.986681 -0.127572
11.133400 -29.597890 -6.465316 -0.941654 0.097945 0.021152 0.984556 -0.143557
11.233400 -29.468106 -7.061019 -1.204668 0.094931 0.027097 0.982250 -0.159493
11.333400 -29.323914 -7.651475 -1.402258 0.090950 0.032557 0.979736 -0.175460
11.433400 -29.165566 -8.235689 -1.515631 0.085687 0.037827 0.977074 -0.191191
11.533400 -28.990734 -8.812715 -1.532037 0.079202 0.043280 0.974216 -0.206779
11.633400 -28.804981 -9.376044 -1.452907 0.072303 0.046877 0.971127 -0.222456
11.733400 -28.603603 -9.935449 -1.282336 0.064070 0.050898 0.967845 -0.237867
11.833400 -28.392703 -10.481106 -1.040670 0.056082 0.052326 0.964387 -0.253129
11.933400 -28.166040 -11.020379 -0.749563 0.046580 0.054723 0.960685 -0.268179
12.033400 -27.929550 -11.543746 -0.437650 0.037146 0.055417 0.956791 -0.283021
12.133400 -27.679096 -12.056435 -0.134864 0.027164 0.055454 0.952653 -0.297723
12.233400 -27.415185 -12.558382 0.128245 0.016970 0.054681 0.948252 -0.312314
12.333400 -27.139120 -13.050619 0.325226 0.005819 0.054233 0.943496 -0.326863
12.433400 -26.851407 -13.529930 0.437811 -0.003929 0.051062 0.938586 -0.341223
12.533400 -26.552776 -13.993670 0.457964 -0.014092 0.048026 0.933378 -0.355388
12.633400 -26.241976 -14.447268 0.378317 -0.024013 0.043863 0.927862 -0.369555
12.733400 -25.918791 -14.886523 0.208791 -0.033799 0.039359 0.922030 -0.383627
12.833400 -25.585209 -15.312779 -0.033911 -0.042489 0.033401 0.915992 -0.397539
12.933400 -25.240924 -15.723372 -0.324627 -0.051223 0.027616 0.909542 -0.411517
13.033400 -24.887102 -16.118683 -0.636205 -0.059971 0.022369 0.902732 -0.425415
13.133400 -24.522673 -16.502241 -0.939041 -0.065715 0.013764 0.895931 -0.439090
13.233400 -24.147393 -16.866196 -1.200337 -0.072393 0.006988 0.888526 -0.453025
13.333400 -23.766233 -17.213186 -1.396046 -0.077754 -0.000511 0.881013 -0.466659
13.433400 -23.377335 -17.543309 -1.510587 -0.081424 -0.008728 0.873358 -0.480146
13.533400 -22.980594 -17.855643 -1.526313 -0.085940 -0.015215 0.865196 -0.493779
13.633400 -22.577510 -18.154443 -1.447135 0.087671 0.023197 -0.856943 0.507370
13.733400 -22.155580 -18.427597 -1.276080 0.087844 0.031239 -0.848397 0.521086
13.833400 -21.741875 -18.695370 -1.034144 0.087741 0.038623 -0.839774 0.534405
13.933400 -21.326904 -18.947371 -0.745050 0.086131 0.045838 -0.831101 0.547496
14.033400 -20.902634 -19.175459 -0.434630 0.084221 0.052084 -0.822156 0.560584
14.133400 -20.471413 -19.382365 -0.133016 0.081101 0.057614 -0.812987 0.573721
14.233400 -20.035488 -19.570895 0.129469 0.077265 0.062162 -0.803703 0.586709
14.333400 -19.596852 -19.745590 0.324320 0.072418 0.066291 -0.794231 0.599632
14.433400 -19.149832 -19.897975 0.435484 0.066355 0.070013 -0.784722 0.612296
14.533400 -18.695241 -20.033818 0.448525 0.060129 0.072225 -0.774926 0.625026
14.633400 -18.241425 -20.148416 0.366316 0.052041 0.074516 -0.765223 0.637317
14.733400 -17.777055 -20.245939 0.190943 0.044769 0.074902 -0.754999 0.649894
14.833400 -17.317324 -20.322602 -0.054152 0.036409 0.074697 -0.745074 0.661785
14.933400 -16.851311 -20.379544 -0.349736 0.027439 0.073721 -0.734877 0.673624
15.033400 -16.386339 -20.415157 -0.664689 0.018558 0.071551 -0.724644 0.685148
15.133400 -15.916761 -20.432825 -0.969827 0.009541 0.068431 -0.714094 0.696632
15.233400 -15.442631 -20.429462 -1.233256 0.000719 0.064120 -0.703329 0.707966
15.333400 -14.974537 -20.406335 -1.432272 -0.008135 0.059096 -0.692587 0.718863
15.433400 -14.501259 -20.364061 -1.543014 -0.016691 0.053149 -0.681669 0.729537
15.533400 -14.022378 -20.302074 -1.558208 -0.025135 0.046349 -0.670406 0.740118
15.633400 -13.554885 -20.220448 -1.479423 -0.033037 0.039373 -0.659160 0.750245
15.733400 -13.087797 -20.119666 -1.311447 -0.040279 0.031332 -0.647678 0.760203
15.833400 -12.619733 -20.000765 -1.069191 -0.047200 0.023155 -0.636078 0.769832
15.933400 -12.155390 -19.861810 -0.777678 -0.052099 0.013394 -0.624240 0.779378
16.033400 -11.692130 -19.703694 -0.465521 -0.056948 0.003966 -0.611998 0.788796
16.133400 -11.233032 -19.525494 -0.163986 -0.061296 -0.005249 -0.599687 0.797867
16.233400 -10.776314 -19.328340 0.098884 -0.064307 -0.015038 -0.587036 0.806863
16.333400 -10.321385 -19.112731 0.296434 -0.066499 -0.024492 -0.574244 0.815611
16.433400 -9.874143 -18.877179 0.410848 -0.068386 -0.033448 -0.561182 0.824184
16.533400 -9.432378 -18.625243 0.428374 -0.069175 -0.042257 -0.548043 0.832513
16.633400 -8.997203 -18.352299 0.349834 -0.068057 -0.051348 -0.534438 0.840897
16.733400 -8.567864 -18.063667 0.182289 -0.067074 -0.059186 -0.520887 0.848926
16.833400 -8.145171 -17.754841 -0.057726 -0.064807 -0.066539 -0.507193 0.856812
16.933400 -7.732064 -17.433781 -0.349326 -0.061267 -0.073249 -0.492997 0.864774
17.033400 -7.324286 -17.094523 -0.662049 -0.057429 -0.079027 -0.478988 0.872368
17.133400 -6.928630 -16.740224 -0.965651 -0.053394 -0.083479 -0.464841 0.879831
17.233400 -6.540481 -16.369830 -1.229760 -0.048516 -0.086922 -0.450483 0.887218
17.333400 -6.156185 -15.982607 -1.428486 -0.041879 -0.090198 -0.436008 0.894431
17.433400 -5.780886 -15.579844 -1.541322 -0.035758 -0.091926 -0.421393 0.901498
17.533400 -5.421391 -15.166801 -1.561037 -0.028998 -0.092524 -0.407082 0.908231
17.633400 -5.066098 -14.735323 -1.480408 -0.021729 -0.092125 -0.392422 0.914902
17.733400 -4.719518 -14.288598 -1.311390 -0.014465 -0.090528 -0.377672 0.921390
17.833400 -4.384105 -13.830152 -1.072367 -0.007438 -0.087534 -0.363015 0.927633
17.933400 -4.057115 -13.355833 -0.782070 0.000268 -0.083929 -0.348256 0.933635
18.033400 -3.741570 -12.869969 -0.471162 0.008112 -0.079446 -0.333669 0.939302
18.133400 -3.437200 -12.371896 -0.170686 0.014866 -0.073699 -0.318867 0.944813
18.233400 -3.145758 -11.862892 0.091976 0.021137 -0.066855 -0.304182 0.950030
18.333400 -2.865016 -11.341328 0.287896 0.026997 -0.058920 -0.289808 0.954888
18.433400 -2.598305 -10.810764 0.401042 0.032541 -0.050546 -0.275322 0.959471
18.533400 -2.344009 -10.269807 0.416833 0.037761 -0.041655 -0.260569 0.963817
18.633400 -2.104082 -9.719679 0.335944 0.042853 -0.032319 -0.245719 0.967854
18.733400 -1.875562 -9.157492 0.163172 0.045694 -0.022068 -0.231271 0.971565
18.833400 -1.659847 -8.590494 -0.079903 0.048635 -0.011757 -0.216391 0.975024
18.933400 -1.457077 -8.013908 -0.372517 0.050499 -0.000999 -0.201647 0.978155
19.033400 -1.267301 -7.429580 -0.685366 0.051498 0.009638 -0.186632 0.981032
19.133400 -1.092204 -6.836525 -0.988874 0.051891 0.020294 -0.171728 0.983567
19.233400 -0.933812 -6.242473 -1.250016 0.052038 0.030512 -0.156482 0.985837
19.333400 -0.785641 -5.637213 -1.445713 0.049839 0.040709 -0.141340 0.987867
19.433400 -0.650077 -5.026062 -1.560305 0.048468 0.050339 -0.125896 0.989579
19.533400 -0.528509 -4.411465 -1.573244 0.046375 0.059225 -0.110495 0.991026
19.633400 -0.422034 -3.792669 -1.493177 0.042827 0.067618 -0.094757 0.992278
19.733400 -0.329789 -3.169542 -1.323108 0.037417 0.075335 -0.079048 0.993316
19.833400 -0.252156 -2.541321 -1.075275 0.032796 0.081997 -0.063248 0.994083
19.933400 -0.187999 -1.912436 -0.781571 0.027343 0.087769 -0.047383 0.994638
