1.233330 -0.622578 6.153954 -1.338222 0.001539 0.095628 0.154176 0.983404
1.333330 -0.764629 6.743841 -1.535118 -0.005153 0.097605 0.169981 0.980588
1.433330 -0.920755 7.326714 -1.647246 -0.011834 0.098422 0.185792 0.977576
1.533330 -1.090797 7.901995 -1.663631 -0.018407 0.098072 0.201591 0.974374
1.633330 -1.274590 8.469118 -1.582669 -0.024771 0.096564 0.217359 0.970988
1.733330 -1.471957 9.027522 -1.412286 -0.030829 0.093921 0.233076 0.967421
1.833330 -1.682698 9.576658 -1.169162 -0.036489 0.090178 0.248721 0.963677
1.933330 -1.906608 10.115982 -0.877095 -0.041662 0.085386 0.264275 0.959756
2.033330 -2.143463 10.644964 -0.564676 -0.046267 0.079608 0.279720 0.955656
2.133330 -2.393049 11.163064 -0.262449 -0.050230 0.072918 0.295039 0.951374
2.233330 -2.655087 11.669803 -0.000068 -0.053484 0.065403 0.310216 0.946905
2.333330 -2.929345 12.164651 0.196871 -0.055973 0.057157 0.325239 0.942242
2.433330 -3.215531 12.647145 0.308992 -0.057651 0.048289 0.340100 0.937377
2.533330 -3.513374 13.116797 0.325370 -0.058482 0.038908 0.354793 0.932302
2.633330 -3.822582 13.573132 0.244401 -0.058443 0.029135 0.369313 0.927008
2.733330 -4.142845 14.015721 0.074012 -0.057523 0.019093 0.383662 0.921483
2.833330 -4.473849 14.444118 -0.169119 -0.055723 0.008907 0.397841 0.915717
2.933330 -4.815268 14.857899 -0.461193 -0.053056 -0.001295 0.411856 0.909702
3.033330 -5.166764 15.256655 -0.773619 -0.049551 -0.011387 0.425714 0.903428
3.133330 -5.527990 15.639995 -1.075814 -0.045245 -0.021243 0.439426 0.896887
3.233330 -5.898590 16.007540 -1.338197 -0.040189 -0.030743 0.453002 0.890072
3.333330 -6.278197 16.358926 -1.535084 -0.034448 -0.039771 0.466455 0.882979
3.433330 -6.666436 16.693806 -1.647205 -0.028092 -0.048220 0.479796 0.875604
3.533330 -7.062930 17.011849 -1.663583 -0.021206 -0.055989 0.493037 0.867946
3.633330 -7.467277 17.312745 -1.582612 -0.013880 -0.062987 0.506190 0.860007
3.733330 -7.879083 17.596195 -1.412219 -0.006213 -0.069135 0.519265 0.851790
3.833330 -8.297942 17.861919 -1.169083 0.001693 -0.074364 0.532269 0.843301
3.933330 -8.723441 18.109655 -0.877006 0.009729 -0.078619 0.545208 0.834549
4.033330 -9.155159 18.339158 -0.564577 0.017784 -0.081856 0.558087 0.825543
4.133330 -9.592671 18.550201 -0.262378 0.025748 -0.084045 0.570907 0.816296
4.233330 -10.035546 18.742575 0.000009 0.033510 -0.085171 0.583664 0.806820
4.333330 -10.483345 18.916093 0.196901 0.040960 -0.085230 0.596356 0.797131
4.433330 -10.935629 19.070581 0.309024 0.047992 -0.084234 0.608975 0.787243
4.533330 -11.391949 19.205887 0.325403 0.054508 -0.082206 0.621510 0.777172
4.633330 -11.851856 19.321877 0.244434 0.060411 -0.079185 0.633951 0.766933
4.733330 -12.314896 19.418439 0.074045 0.065616 -0.075218 0.646284 0.756541
4.833330 -12.780612 19.495475 -0.169086 0.070043 -0.070367 0.658492 0.746010
4.933330 -13.248543 19.552911 -0.461158 0.073624 -0.064704 0.670561 0.735351
5.033330 -13.718229 19.590699 -0.773579 0.076301 -0.058311 0.682472 0.724576
5.133330 -14.189205 19.608782 -1.075773 0.078026 -0.051279 0.694209 0.713692
5.233330 -14.661006 19.607154 -1.338156 0.078765 -0.043704 0.705755 0.702707
5.333330 -15.133167 19.585813 -1.535043 0.078494 -0.035694 0.717094 0.691622
5.433330 -15.605221 19.544785 -1.647160 0.077204 -0.027356 0.728212 0.680440
5.533330 -16.076702 19.484105 -1.663534 0.074899 -0.018806 0.739097 0.669158
5.633330 -16.547165 19.403877 -1.582559 0.071595 -0.010157 0.749737 0.657773
5.733330 -17.016109 19.304099 -1.412166 0.067323 -0.001527 0.760124 0.646280
5.833330 -17.483088 19.184911 -1.169031 0.062124 0.006970 0.770252 0.634668
5.933330 -17.947642 19.046429 -0.876952 0.056057 0.015222 0.780118 0.622930
6.033330 -18.409311 18.888799 -0.564519 0.049187 0.023121 0.789721 0.611054
6.133330 -18.867677 18.712181 -0.262320 0.041593 0.030565 0.799062 0.599030
6.233330 -19.322218 18.516729 0.000068 0.033367 0.037459 0.808145 0.586844
6.333330 -19.772522 18.302628 0.196960 0.024606 0.043719 0.816976 0.574486
6.433330 -20.218141 18.070102 0.309083 0.015418 0.049266 0.825562 0.561945
6.533330 -20.658625 17.819394 0.325460 0.005915 0.054037 0.833913 0.549212
6.633330 -21.093560 17.550728 0.244492 -0.003784 0.057976 0.842038 0.536280
6.733330 -21.522506 17.264381 0.074104 -0.013556 0.061041 0.849947 0.523144
6.833330 -21.945041 16.960634 -0.169026 -0.023278 0.063204 0.857652 0.509801
6.933330 -22.360749 16.639790 -0.461100 -0.032826 0.064449 0.865162 0.496250
7.033330 -22.769216 16.302161 -0.773524 -0.042077 0.064771 0.872486 0.482496
7.133330 -23.170042 15.948084 -1.075718 -0.050912 0.064180 0.879634 0.468544
7.233330 -23.562830 15.577908 -1.338100 -0.059216 0.062697 0.886612 0.454403
7.333330 -23.947194 15.191997 -1.534987 -0.066881 0.060356 0.893426 0.440084
7.433330 -24.322752 14.790733 -1.647105 -0.073805 0.057202 0.900080 0.425602
7.533330 -24.689135 14.374513 -1.663479 -0.079898 0.053289 0.906575 0.410972
7.633330 -25.045981 13.943744 -1.582506 -0.085077 0.048684 0.912911 0.396213
7.733330 -25.392939 13.498856 -1.412112 -0.089272 0.043461 0.919086 0.381343
7.833330 -25.729667 13.040286 -1.168976 -0.092424 0.037699 0.925095 0.366381
7.933330 -26.055831 12.568488 -0.876898 -0.094488 0.031489 0.930933 0.351347
8.033330 -26.371112 12.083928 -0.564469 -0.095432 0.024925 0.936590 0.336261
8.133330 -26.675214 11.587118 -0.262276 -0.095237 0.018103 0.942058 0.321138
8.233330 -26.967842 11.078530 0.000111 -0.093900 0.011126 0.947325 0.305996
8.333330 -27.248645 10.558592 0.197003 -0.091428 0.004097 0.952381 0.290850
8.433330 -27.517394 10.027883 0.309126 -0.087846 -0.002881 0.957214 0.275711
8.533330 -27.773816 9.486921 0.325505 -0.083193 -0.009707 0.961810 0.260587
8.633340 -28.017682 8.936177 0.244525 -0.077518 -0.016279 0.966159 0.245484
8.733340 -28.248694 8.376301 0.074128 -0.070888 -0.022503 0.970248 0.230407
8.833340 -28.466714 7.807866 -0.169012 -0.063379 -0.028288 0.974066 0.215354
8.933340 -28.671419 7.231302 -0.461087 -0.055077 -0.033549 0.977605 0.200323
9.033340 -28.862655 6.647241 -0.773512 -0.046082 -0.038211 0.980855 0.185308
9.133340 -29.040235 6.056257 -1.075704 -0.036500 -0.042208 0.983811 0.170300
9.233340 -29.203985 5.458937 -1.338083 -0.026447 -0.045482 0.986467 0.155289
9.333340 -29.353745 4.855877 -1.534970 -0.016045 -0.047988 0.988820 0.140264
9.433350 -29.489378 4.247591 -1.647081 -0.005418 -0.049691 0.990870 0.125211
9.533350 -29.610723 3.634817 -1.663436 0.005302 -0.050570 0.992617 0.110119
9.633350 -29.717679 3.018097 -1.582444 0.015984 -0.050616 0.994064 0.094975
9.733350 -29.810141 2.398042 -1.412038 0.026499 -0.049832 0.995215 0.079766
9.833350 -29.888006 1.775255 -1.168890 0.036718 -0.048234 0.996076 0.064484
9.933350 -29.951204 1.150355 -0.876805 0.046515 -0.045849 0.996655 0.049119
10.033400 -29.999695 0.523645 -0.564217 0.055777 -0.042717 0.996961 0.033658
10.133400 -30.033380 -0.103628 -0.262031 0.064380 -0.038890 0.997003 0.018113
10.233400 -30.052253 -0.731160 0.000328 0.072224 -0.034428 0.996791 0.002477
10.333400 -30.056296 -1.358331 0.197179 0.079215 -0.029401 0.996336 -0.013248
10.433400 -30.045505 -1.984522 0.309252 0.085268 -0.023886 0.995648 -0.029054
10.533400 -30.019890 -2.609114 0.325577 0.090310 -0.017969 0.994737 -0.044934
10.633400 -29.979477 -3.231492 0.244557 0.094282 -0.011740 0.993613 -0.060874
10.733400 -29.924304 -3.851042 0.074124 0.097136 -0.005293 0.992285 -0.076859
10.833400 -29.854426 -4.467151 -0.169036 0.098840 0.001274 0.990759 -0.092874
10.933400 -29.769912 -5.079212 -0.461120 0.099375 0.007861 0.989042 -0.108898
11.033400 -29.670840 -5.686622 -0.773535 0.098736 0.014370 0.987138 -0.124913
11.133400 -29.557319 -6.288779 -1.075696 0.096934 0.020701 0.985050 -0.140898
11.233400 -29.429460 -6.885091 -1.338023 0.093993 0.026757 0.982778 -0.156833
11.333400 -29.287389 -7.474968 -1.534837 0.089952 0.032446 0.980322 -0.172697
11.433400 -29.131246 -8.057830 -1.646870 0.084862 0.037679 0.977679 -0.188473
11.533400 -28.961182 -8.633101 -1.663153 0.078788 0.042374 0.974845 -0.204143
11.633400 -28.777372 -9.200202 -1.582090 0.071808 0.046455 0.971813 -0.219694
11.733400 -28.579985 -9.758595 -1.411619 0.064009 0.049855 0.968576 -0.235111
11.833400 -28.369213 -10.307707 -1.168430 0.055490 0.052517 0.965127 -0.250387
11.933400 -28.145287 -10.847018 -0.876319 0.046357 0.054392 0.961454 -0.265515
12.033400 -27.908402 -11.375977 -0.563887 0.036725 0.055443 0.957550 -0.280492
12.133400 -27.658790 -11.894065 -0.261720 0.026715 0.055645 0.953403 -0.295317
12.233400 -27.396727 -12.400784 0.000612 0.016451 0.054984 0.949005 -0.309994
12.333400 -27.122434 -12.895611 0.197396 0.006061 0.053460 0.944344 -0.324529
12.433400 -26.836108 -13.378072 0.309373 -0.004324 0.051084 0.939414 -0.338929
12.533400 -26.538237 -13.847699 0.325642 -0.014580 0.047883 0.934206 -0.353205
12.633400 -26.229054 -14.304019 0.244566 -0.024582 0.043893 0.928715 -0.367367
12.733400 -25.908763 -14.746583 0.074085 -0.034203 0.039163 0.922935 -0.381428
12.833400 -25.577732 -15.174952 -0.169114 -0.043330 0.033753 0.916865 -0.395400
12.933400 -25.236285 -15.588704 -0.461225 -0.051853 0.027734 0.910505 -0.409295
13.033400 -24.884761 -15.987432 -0.773654 -0.059672 0.021187 0.903856 -0.423126
13.133400 -24.523510 -16.370744 -1.075836 -0.066696 0.014200 0.896921 -0.436900
13.233400 -24.152882 -16.738262 -1.338201 -0.072845 0.006868 0.889708 -0.450628
13.333400 -23.773248 -17.089624 -1.535063 -0.078050 -0.000707 0.882224 -0.464314
13.433400 -23.384982 -17.424484 -1.647153 -0.082254 -0.008420 0.874480 -0.477963
13.533400 -22.988466 -17.742512 -1.663497 -0.085417 -0.016163 0.866486 -0.491573
13.633400 -22.584089 -18.043393 -1.582494 0.087506 0.023828 -0.858256 0.505145
13.733400 -22.172255 -18.326831 -1.412075 0.088507 0.031305 -0.849804 0.518671
13.833400 -21.753339 -18.592548 -1.168920 0.088418 0.038487 -0.841144 0.532144
13.933400 -21.327801 -18.840271 -0.876834 0.087250 0.045272 -0.832290 0.545555
14.033400 -20.896035 -19.069758 -0.564408 0.085028 0.051561 -0.823258 0.558890
14.133400 -20.458474 -19.280786 -0.262226 0.081791 0.057261 -0.814060 0.572135
14.233400 -20.015565 -19.473151 0.000132 0.077589 0.062287 -0.804709 0.585273
14.333400 -19.567734 -19.646660 0.196983 0.072485 0.066561 -0.795216 0.598287
14.433400 -19.115421 -19.801139 0.309058 0.066551 0.070016 -0.785591 0.611159
14.533400 -18.659074 -19.936437 0.325386 0.059873 0.072593 -0.775840 0.623873
14.633400 -18.199140 -20.052418 0.244369 0.052542 0.074246 -0.765970 0.636409
14.733400 -17.736076 -20.148970 0.073939 0.044660 0.074940 -0.755983 0.648752
14.833400 -17.270338 -20.225996 -0.169220 0.036333 0.074653 -0.745878 0.660888
14.933400 -16.802383 -20.283420 -0.461305 0.027674 0.073374 -0.735654 0.672802
15.033400 -16.332674 -20.321188 -0.773722 0.018798 0.071106 -0.725308 0.684485
15.133400 -15.861625 -20.339254 -1.075899 0.009823 0.067866 -0.714832 0.695926
15.233400 -15.389794 -20.337624 -1.338236 0.000868 0.063682 -0.704217 0.707122
15.333400 -14.917623 -20.316301 -1.535062 -0.007950 0.058598 -0.693455 0.718069
15.433400 -14.445544 -20.275272 -1.647105 -0.016516 0.052668 -0.682535 0.728765
15.533400 -13.974037 -20.214598 -1.663400 -0.024720 0.045959 -0.671446 0.739214
15.633400 -13.503625 -20.134360 -1.582343 -0.032459 0.038549 -0.660175 0.749420
15.733400 -13.034663 -20.034596 -1.411881 -0.039636 0.030525 -0.648713 0.759387
15.833400 -12.567665 -19.915423 -1.168693 -0.046163 0.021986 -0.637049 0.769125
15.933400 -12.103093 -19.776958 -0.876586 -0.051962 0.013036 -0.625175 0.778644
16.033400 -11.641404 -19.619338 -0.564153 -0.056965 0.003788 -0.613083 0.787953
16.133400 -11.183055 -19.442718 -0.261975 -0.061118 -0.005641 -0.600770 0.797063
16.233400 -10.728499 -19.247270 0.000372 -0.064376 -0.015133 -0.588231 0.805984
16.333400 -10.278185 -19.033187 0.197212 -0.066709 -0.024563 -0.575469 0.814728
16.433400 -9.832556 -18.800681 0.309278 -0.068098 -0.033812 -0.562485 0.823304
16.533400 -9.392053 -18.549979 0.325595 -0.068540 -0.042757 -0.549287 0.831720
16.633400 -8.957111 -18.281331 0.244568 -0.068042 -0.051282 -0.535882 0.839983
16.733400 -8.528158 -17.995002 0.074131 -0.066625 -0.059275 -0.522283 0.848097
16.833400 -8.105619 -17.691273 -0.169035 -0.064321 -0.066629 -0.508502 0.856066
16.933400 -7.689910 -17.370446 -0.461131 -0.061175 -0.073246 -0.494557 0.863890
17.033400 -7.281441 -17.032837 -0.773567 -0.057241 -0.079037 -0.480463 0.871569
17.133400 -6.880614 -16.678781 -1.075746 -0.052585 -0.083921 -0.466240 0.879098
17.233400 -6.487825 -16.308627 -1.338084 -0.047279 -0.087830 -0.451906 0.886472
17.333400 -6.103461 -15.922740 -1.534909 -0.041408 -0.090708 -0.437480 0.893683
17.433400 -5.727902 -15.521503 -1.646954 -0.035059 -0.092511 -0.422981 0.900722
17.533400 -5.361517 -15.105311 -1.663252 -0.028327 -0.093209 -0.408425 0.907578
17.633400 -5.004670 -14.674577 -1.582206 -0.021312 -0.092784 -0.393829 0.914241
17.733400 -4.657711 -14.229722 -1.411751 -0.014118 -0.091233 -0.379206 0.920696
17.833400 -4.320984 -13.771187 -1.168574 -0.006847 -0.088567 -0.364567 0.926930
17.933400 -3.994821 -13.299424 -0.876477 0.000393 -0.084812 -0.349921 0.932932
18.033400 -3.679543 -12.814897 -0.564047 0.007499 -0.080006 -0.335273 0.938688
18.133400 -3.375464 -12.318086 -0.261862 0.014369 -0.074202 -0.320626 0.944186
18.233400 -3.082882 -11.809480 0.000501 0.020905 -0.067464 -0.305980 0.949415
18.333400 -2.802088 -11.289582 0.197346 0.027013 -0.059869 -0.291331 0.954365
18.433400 -2.533358 -10.758903 0.309408 0.032607 -0.051505 -0.276674 0.959029
18.533400 -2.276957 -10.217968 0.325720 0.037609 -0.042473 -0.261999 0.963399
18.633400 -2.033139 -9.667310 0.244687 0.041950 -0.032878 -0.247298 0.967473
18.733400 -1.802144 -9.107474 0.074238 0.045570 -0.022836 -0.232558 0.971246
18.833400 -1.584200 -8.539011 -0.168945 0.048421 -0.012469 -0.217767 0.974719
18.933400 -1.379522 -7.962484 -0.461044 0.050466 -0.001902 -0.202912 0.977894
19.033400 -1.188312 -7.378460 -0.773466 0.051683 0.008735 -0.187981 0.980773
19.133400 -1.010758 -6.787518 -1.075634 0.052059 0.019313 -0.172962 0.983362
19.233400 -0.847035 -6.190240 -1.337972 0.051595 0.029701 -0.157845 0.985668
19.333400 -0.697304 -5.587215 -1.534804 0.050305 0.039771 -0.142622 0.987698
19.433400 -0.561711 -4.979040 -1.646862 0.048214 0.049400 -0.127288 0.989461
19.533400 -0.440394 -4.366316 -1.663170 0.045361 0.058469 -0.111839 0.990967
19.633400 -0.333470 -3.749646 -1.582134 0.041793 0.066867 -0.096275 0.992226
19.733400 -0.241053 -3.129635 -1.411688 0.037569 0.074489 -0.080600 0.993249
19.833400 -0.163221 -2.506902 -1.168511 0.032757 0.081243 -0.064821 0.994045
19.933400 -0.100056 -1.882059 -0.876405 0.027434 0.087046 -0.048946 0.994623
